506 662
297 661
507 656
609 656
7 652
508 651
623 661
528 662
463 649
188 654
188 655
352 661
562 662
426 662
7 653
463 640
508 646
656 656
299 658
609 660
412 661
187 660
640 661
508 649
463 643
463 644
462 661
299 656
508 640
233 661
507 660
608 662
656 662
298 661
297 662
413 657
413 659
623 662
508 643
508 644
463 653
352 662
463 652
188 658
188 656
412 662
508 653
640 662
508 652
462 662
413 654
413 655
233 662
298 662
609 661
299 660
39 661
413 658
507 661
609 662
413 656
7 657
187 661
7 654
7 655
188 660
39 662
7 659
507 662
463 657
463 659
187 662
7 656
508 657
508 659
463 654
463 655
413 660
7 658
508 654
508 655
299 661
463 658
463 656
508 658
299 662
508 656
188 661
7 660
188 662
413 661
463 660
508 660
413 662
463 661
508 661
463 662
7 661
508 662
7 662
