493 112
377 142
135 241
150 241
247 241
250 241
384 241
492 241
500 241
502 241
505 241
656 241
481 112
649 241
241 497
588 241
88 241
630 241
121 241
655 112
212 201
130 241
133 241
345 241
462 241
241 201
494 241
325 241
380 241
143 112
572 241
489 112
605 241
377 201
281 241
479 241
349 112
379 112
441 241
567 241
413 112
343 241
351 241
627 112
504 112
610 241
142 112
652 112
198 241
241 496
660 112
96 241
472 241
196 112
355 241
225 112
241 142
495 241
497 241
72 241
244 241
496 112
481 241
493 241
498 112
480 112
655 241
381 112
143 241
489 241
349 241
379 241
387 112
413 241
378 112
627 241
652 241
504 241
112 112
142 241
660 241
225 241
196 241
496 241
480 241
498 241
248 112
249 112
381 241
387 241
378 241
112 241
248 241
249 241
241 112
377 112
212 112
241 241
212 241
377 241
